var a = r(665352),
    n = r(99978),
    o = r(257381);
let s = 2610 / 16384,
    i = 16384 / 2610,
    c = (1.7 * 2523) / 32,
    u = 32 / (1.7 * 2523),
    l = [
        [0.41478972, 0.579999, 0.014648],
        [-0.20151, 1.120649, 0.0531008],
        [-0.0166008, 0.2648, 0.6684799]
    ],
    f = [
        [1.9242264357876067, -1.0047923125953657, 0.037651404030618],
        [0.35031676209499907, 0.7264811939316552, -0.06538442294808501],
        [-0.09098281098284752, -0.3127282905230739, 1.5227665613052603]
    ],
    b = [
        [0.5, 0.5, 0],
        [3.524, -4.066708, 0.542708],
        [0.199076, 1.096799, -1.295875]
    ],
    h = [
        [1, 0.1386050432715393, 0.05804731615611886],
        [0.9999999999999999, -0.1386050432715393, -0.05804731615611886],
        [0.9999999999999998, -0.09601924202631895, -0.8118918960560388]
    ];
t.Z = new a.Z({
    id: 'jzazbz',
    name: 'Jzazbz',
    coords: {
        jz: {
            refRange: [0, 1],
            name: 'Jz'
        },
        az: {
            refRange: [-0.5, 0.5]
        },
        bz: {
            refRange: [-0.5, 0.5]
        }
    },
    base: o.Z,
    fromBase(e) {
        let [t, r, a] = e,
            o = (0, n.Z)(l, [1.15 * t - (1.15 - 1) * a, 0.66 * r - (0.66 - 1) * t, a]).map(function (e) {
                let t = 0.8359375 + 18.8515625 * (e / 10000) ** s,
                    r = 1 + 18.6875 * (e / 10000) ** s;
                return (t / r) ** c;
            }),
            [i, u, f] = (0, n.Z)(b, o);
        return [(0.43999999999999995 * i) / (1 + -0.56 * i) - 1.6295499532821565e-11, u, f];
    },
    toBase(e) {
        let [t, r, a] = e,
            o = (0, n.Z)(h, [(t + 1.6295499532821565e-11) / (0.43999999999999995 - -0.56 * (t + 1.6295499532821565e-11)), r, a]).map(function (e) {
                let t = 0.8359375 - e ** u,
                    r = 18.6875 * e ** u - 18.8515625;
                return 10000 * (t / r) ** i;
            }),
            [s, c, l] = (0, n.Z)(f, o),
            b = (s + (1.15 - 1) * l) / 1.15;
        return [b, (c + (0.66 - 1) * b) / 0.66, l];
    },
    formats: {
        color: {
            coords: ['<number> | <percentage>', '<number> | <percentage>[-1,1]', '<number> | <percentage>[-1,1]']
        }
    }
});
